-13.000000 2.516380
-12.000000 2.516380
-11.000000 1.048877
-10.000000 0.378642
-9.000000 0.142116
-8.000000 0.053870
-7.000000 0.020466
-6.000000 0.007781
-5.000000 0.002959
-4.000000 0.001125
-3.000000 0.000428
-2.000000 0.000162
-1.000000 0.000059
0.000000 0.000015
1.000000 0.000015
2.000000 0.000059
3.000000 0.000162
4.000000 0.000428
5.000000 0.001125
6.000000 0.002959
7.000000 0.007781
8.000000 0.020466
9.000000 0.053870
10.000000 0.142116
11.000000 0.378642
12.000000 1.048877
13.000000 2.516380
